9.779284769618634243e+00
7.213791306376762691e+00
5.578339009765961087e+00
4.576827624578259979e+00
3.918811363798871739e+00
3.456998471632156456e+00
3.138013160259073064e+00
2.915961759333689063e+00
2.752497703725358846e+00
2.624432462964361168e+00
2.519604709542604404e+00
2.431601633797124240e+00
2.356754627609730424e+00
2.292749102266213868e+00
2.237970002120793112e+00
2.191183723515621296e+00
2.151406576223778178e+00
2.117865165850784326e+00
2.089937849669412984e+00
2.066991022659135702e+00
2.048199398793053572e+00
2.032588558610160856e+00
2.019284716893851694e+00
2.007674681740855949e+00
1.997373561783818863e+00
1.988125163082417046e+00
1.979729092853568018e+00
1.972008046104542389e+00
1.964797657207712156e+00
1.957928315333232527e+00
1.951161231107788385e+00
1.944039415527387904e+00
1.935564006010374039e+00
1.923361532751622471e+00
1.901125252908592467e+00
1.850258983460631113e+00
1.724422659851224227e+00
1.556996182705162601e+00
1.593116607395514972e+00
1.705523833354743779e+00
1.794702376489969442e+00
1.850654852275525286e+00
1.882250497039357429e+00
1.899780121133975319e+00
1.910018788744016538e+00
1.916576862595251951e+00
1.921228402773880850e+00
1.924849475633226614e+00
1.927908374030755656e+00
1.930695457632689571e+00
